"N" <- 100
"alpha" <- structure(c(1,1,1,1,1,1,1
), .Dim=c(7))
"q" <- structure(c(13,45,17,10,0,10,5
), .Dim=c(7))
